2.079428 4.190202 0
1.865108 2.160518 0
2.442698 2.623391 0
3.008903 2.394249 0
1.663613 1.354094 0
2.805458 2.416443 0
2.574620 0.898329 0
1.005243 3.345519 0
2.581868 2.537239 0
4.067047 1.709676 0
2.601365 1.435473 0
0.832048 0.977998 0
2.883520 1.466256 0
0.649568 2.230094 0
2.894855 3.370760 0
4.463702 3.127901 0
1.180786 2.067464 0
3.077216 1.446455 0
2.677617 3.041494 0
0.248578 2.118669 0
3.138701 2.677085 0
2.306135 1.984728 0
4.067989 1.954732 0
0.396875 1.532248 0
2.148658 2.352871 0
1.749349 2.086128 0
1.829835 2.850668 0
0.881233 1.926136 0
0.586801 0.880106 0
2.372460 1.556926 0
2.970075 2.057200 0
2.534465 3.216475 0
1.444072 -0.291147 0
0.494874 0.757260 0
1.538613 0.766559 0
2.484444 2.588126 0
1.458369 2.532883 0
2.474270 4.064432 0
4.170087 1.647029 0
5.030216 1.096461 0
1.912819 2.822135 0
3.247799 3.650810 0
2.850265 1.200690 0
0.185167 2.357516 0
4.619571 1.540253 0
2.315292 1.122985 0
3.018538 -0.191739 0
3.664902 1.813967 0
3.192779 4.362198 0
0.438188 1.440123 0
0.795043 2.746848 0
3.158705 2.709007 0
3.203435 2.103602 0
1.114634 1.562459 0
2.359842 2.267265 0
1.997053 3.338938 0
0.143463 1.271202 0
2.494737 2.032377 0
3.055090 1.459725 0
2.342421 1.310674 0
1.349234 3.459946 0
2.950774 0.635920 0
2.203913 2.309000 0
2.774140 2.451158 0
2.203989 -0.088449 0
2.953459 1.694850 0
2.447806 2.179235 0
2.559151 3.776784 0
1.554810 2.115492 0
2.178010 3.418596 0
2.974841 0.457572 0
0.948072 1.848843 0
2.744043 1.790152 0
1.847216 -0.019987 0
1.400586 1.123286 0
2.629896 1.918926 0
1.858985 1.793784 0
2.431098 2.064382 0
2.349331 1.350925 0
2.061901 3.625745 0
2.229447 2.127522 0
2.584737 0.729737 0
1.265356 3.664079 0
1.976157 1.370590 0
1.944269 1.842315 0
1.770649 2.122175 0
1.003211 1.406160 0
2.195972 0.133029 0
1.710839 1.967199 0
0.322114 3.242338 0
2.133267 3.781984 0
1.243516 2.142824 0
1.966256 3.497241 0
3.715503 2.313209 0
1.356416 2.261118 0
3.133438 2.750497 0
1.147145 2.638955 0
2.574579 2.248472 0
2.233069 3.206479 0
0.867704 0.807825 0
2.844511 2.543779 0
1.531808 1.250630 0
0.823687 3.403270 0
2.680781 1.620921 0
3.941951 2.273109 0
1.524599 2.641932 0
1.442639 1.291547 0
2.786699 1.735284 0
2.684132 2.000528 0
0.634054 2.457237 0
3.433634 1.085114 0
2.103054 1.035737 0
2.669980 2.232778 0
2.579654 0.948736 0
1.029595 3.042678 0
2.065854 0.599061 0
3.871262 3.351648 0
3.030392 2.397766 0
2.247655 0.690136 0
1.939478 1.445022 0
3.439378 1.118898 0
3.307909 2.170183 0
3.212677 0.954353 0
0.128147 1.574157 0
1.467362 2.329795 0
2.316229 0.630336 0
2.944170 2.388046 0
1.576117 2.031289 0
1.176604 3.065271 0
3.404450 2.049108 0
2.790423 1.942144 0
1.513909 1.472116 0
0.704384 1.219132 0
3.699538 3.517250 0
2.167515 1.643806 0
2.252537 2.034926 0
-0.017492 -0.008225 0
3.187396 1.878620 0
0.503760 2.512765 0
0.051353 0.023485 0
3.463621 1.849678 0
-0.205420 1.773716 0
1.153920 0.723157 0
1.139271 2.124293 0
0.109786 1.650589 0
2.351225 0.992894 0
2.204364 1.972359 0
2.411678 2.713890 0
0.765364 2.827555 0
1.742644 0.581236 0
0.509329 1.111996 0
2.426172 0.936239 0
1.892137 0.122350 0
2.695687 1.034481 0
0.936156 1.115433 0
2.625120 2.470753 0
0.707193 2.444113 0
1.943964 1.289151 0
1.513529 2.098660 0
1.427297 1.562640 0
1.449000 2.017019 0
3.239244 1.977386 0
1.821269 1.873597 0
2.988640 1.441737 0
0.615501 0.738284 0
2.539278 3.227063 0
0.285451 1.666114 0
2.749257 3.135729 0
-1.114367 1.662651 0
2.649561 0.118542 0
5.947493 1.035051 0
3.206649 2.281517 0
2.701612 4.419065 0
1.749304 2.249125 0
2.590677 2.572511 0
2.659108 3.140448 0
1.913928 1.681369 0
0.139072 3.632081 0
2.594833 0.696793 0
3.859166 3.553907 0
0.257253 2.900647 0
1.419607 1.024421 0
0.192322 2.812911 0
0.395188 3.108269 0
1.895017 3.694403 0
0.929722 2.049293 0
2.508066 3.414901 0
2.624908 2.016707 0
1.210014 0.976292 0
1.223109 2.091084 0
2.552420 3.266267 0
0.596036 1.049050 0
2.042018 1.780739 0
1.125191 3.636821 0
1.951515 1.643074 0
2.011724 4.006755 0
3.066267 1.754828 0
1.703479 3.315108 0
1.320598 0.235676 0
1.469908 2.343640 0
2.871855 1.546628 0
3.604630 0.982156 0
1.270892 2.319475 0
1.054267 0.773955 0
1.658081 0.597642 0
1.512017 2.038642 0
1.140834 1.533848 0
2.849983 1.955803 0
1.481428 3.128631 0
1.502267 2.645004 0
2.065539 0.836286 0
2.736283 1.189988 0
1.801298 3.965853 0
3.917292 3.433769 0
1.244554 1.253246 0
1.335660 1.712736 0
1.698637 2.569328 0
2.565463 2.256746 0
2.643320 2.948387 0
2.649185 1.589517 0
3.564532 2.338610 0
1.446727 2.239645 0
0.689138 1.787365 0
1.578862 3.344356 0
0.964388 2.369960 0
2.861186 2.994831 0
3.164150 2.450617 0
2.109050 1.902386 0
1.260738 0.078301 0
3.201045 3.135770 0
1.196602 3.412684 0
1.551647 1.977294 0
2.160163 2.600709 0
1.156308 2.079552 0
2.332829 1.448428 0
1.602821 0.590489 0
2.476001 1.710313 0
1.732949 1.572784 0
2.827897 0.792433 0
2.371513 -0.878034 0
2.417391 3.191109 0
2.470412 2.182053 0
2.403023 1.936494 0
1.665362 0.377702 0
1.254485 1.793638 0
2.741713 2.044157 0
3.053425 -0.110789 0
0.436605 1.248871 0
0.491632 1.833676 0
3.706628 2.222045 0
2.052612 2.329560 0
1.885668 2.697805 0
2.743827 2.542765 0
2.710785 3.702925 0
1.575322 2.371219 0
1.698414 3.333364 0
0.498706 1.292250 0
0.438626 2.544668 0
3.092297 1.607081 0
1.544186 1.590297 0
1.639963 1.494819 0
3.425367 3.646407 0
3.091211 1.873701 0
1.734126 2.522068 0
2.244074 1.707538 0
2.824550 0.332922 0
2.936917 1.585900 0
1.653642 0.681109 0
0.957315 1.486810 0
1.331455 -0.347810 0
3.381451 2.119927 0
2.431368 2.575591 0
3.006621 2.723399 0
3.159195 0.366417 0
2.264348 2.577400 0
2.278893 1.465126 0
0.558646 1.671729 0
2.939424 2.039677 0
-0.298262 2.333325 0
0.986552 1.934713 0
3.203412 1.657690 0
2.981019 1.867161 0
2.663230 1.200860 0
0.236986 0.007678 0
0.208853 3.254679 0
3.060119 1.513373 0
1.445501 1.623477 0
0.525930 0.990760 0
2.692575 0.068494 0
2.911469 2.289159 0
0.723303 0.661689 0
3.612483 0.194934 0
2.891466 1.708404 0
2.177322 3.154068 0
1.826866 2.953628 0
1.266341 1.250163 0
0.638528 0.373263 0
0.933356 3.570401 0
0.606099 0.711818 0
1.737413 3.993083 0
1.876927 2.878725 0
1.681575 2.375349 0
2.438132 1.663200 0
1.650529 5.847331 0
1.429068 2.144258 0
1.046511 1.969141 0
3.168663 0.936506 0
1.649846 0.125293 0
1.894576 2.549206 0
2.579397 3.426745 0
1.934531 1.252150 0
2.316408 1.043344 0
3.804901 4.320605 0
1.383016 1.608344 0
4.361305 3.949908 0
0.568436 2.011949 0
0.432710 1.402264 0
2.055183 2.764517 0
2.254994 3.202285 0
3.739523 2.690647 0
2.005112 4.107646 0
1.699903 1.954414 0
1.520197 0.284223 0
2.271836 1.213602 0
2.879323 0.658070 0
2.018202 3.391444 0
2.102669 1.000375 0
1.784927 2.292107 0
1.395479 0.261960 0
0.667647 1.543405 0
2.320597 0.001139 0
1.522334 1.307751 0
3.619042 1.721870 0
2.491767 2.982840 0
2.582335 -0.653458 0
2.039437 2.867371 0
0.907190 0.993127 0
2.054067 4.329628 0
1.119875 -0.105580 0
1.793717 1.346941 0
1.525777 -1.208248 0
1.417711 1.619305 0
1.152321 0.157281 0
2.048724 3.497450 0
3.957549 2.045947 0
3.389012 2.326151 0
3.660707 3.684690 0
3.919506 2.294052 0
1.941034 3.195956 0
1.273445 2.426955 0
1.853426 2.459530 0
1.907076 1.354252 0
3.084053 1.094843 0
1.364319 1.743727 0
1.439774 2.250374 0
2.565046 1.026121 0
1.443514 1.271235 0
2.544972 0.723124 0
1.043607 3.606277 0
2.063620 2.847262 0
1.915401 1.991257 0
1.831975 2.359596 0
2.498333 2.016372 0
0.425098 3.249336 0
3.995963 2.016098 0
1.564360 4.037157 0
3.815933 1.502349 0
1.731803 0.746885 0
0.178201 0.926794 0
-0.054960 3.138705 0
0.225060 1.379638 0
1.079929 2.256806 0
2.506518 0.498739 0
1.911896 1.285499 0
0.751455 1.668426 0
1.774538 2.169896 0
1.648780 4.178868 0
1.122711 1.606976 0
2.190544 1.867919 0
0.637405 1.890635 0
2.531982 3.967029 0
0.803080 2.125962 0
2.055105 1.562719 0
2.707587 1.762487 0
2.551280 3.588752 0
3.871499 2.584846 0
1.775491 1.631657 0
3.551371 3.111701 0
0.832158 0.599818 0
0.792139 2.773654 0
1.896285 1.530088 0
1.458266 3.744170 0
3.849664 3.276326 0
2.103395 2.395729 0
0.221361 1.722956 0
0.514377 1.212542 0
3.143580 0.631623 0
3.042689 2.517832 0
1.602458 0.504001 0
3.990432 3.237249 0
2.852645 1.973173 0
1.206613 1.648968 0
2.214513 1.054574 0
0.713321 1.275542 0
1.569909 2.353806 0
0.915150 3.610928 0
2.857763 2.397645 0
0.579032 2.786090 0
0.754332 0.508487 0
1.515442 4.529778 0
2.418337 2.335661 0
3.588632 2.555861 0
1.017334 1.889144 0
0.520667 2.500893 0
2.517816 1.632277 0
3.492032 3.587212 0
2.070248 1.742681 0
1.488536 1.946666 0
2.282836 1.880015 0
2.161734 3.919800 0
-1.317742 1.166147 0
2.049801 2.307892 0
1.679770 1.840045 0
0.826662 2.750128 0
0.792881 1.677683 0
2.753982 3.230538 0
2.274727 4.324029 0
0.295011 2.053090 0
3.518650 3.063068 0
2.012135 2.829576 0
2.813162 2.613790 0
2.313004 0.757852 0
1.768165 0.822282 0
3.207880 1.968547 0
2.872874 3.941248 0
3.964321 1.994205 0
2.661297 1.545705 0
0.861757 2.818707 0
2.564270 2.924804 0
0.824697 1.610325 0
2.786868 0.280935 0
3.893884 1.007258 0
2.217788 2.929875 0
2.715503 0.969468 0
2.485461 2.151552 0
2.110114 2.009717 0
3.818183 0.003603 0
2.390866 0.949208 0
1.329687 2.471088 0
1.658545 2.648781 0
1.818883 2.023035 0
2.464529 3.448096 0
0.527171 1.379025 0
0.254125 1.663442 0
0.688109 1.517688 0
2.978347 0.682613 0
0.578760 1.890478 0
2.509827 3.053033 0
1.562855 3.948935 0
1.936467 1.851070 0
1.588184 3.151830 0
2.326043 2.549722 0
2.805303 1.606594 0
1.920208 0.465198 0
1.109174 2.415906 0
2.298130 1.110685 0
2.715185 2.713905 0
-0.235841 2.211668 0
1.052731 2.223655 0
1.884641 0.747844 0
1.817844 3.791854 0
0.122317 2.141008 0
3.324499 2.270587 0
0.734247 0.333931 0
1.172828 2.879165 0
0.212401 2.010348 0
1.020337 1.874331 0
3.626017 1.161045 0
-0.828984 3.372597 0
3.398430 1.109833 0
2.221947 1.050534 0
0.013118 2.254415 0
1.220616 0.543777 0
2.642086 0.054631 0
3.575715 2.296958 0
2.793460 1.893911 0
2.470609 3.344248 0
0.628060 2.241440 0
1.617752 1.401368 0
0.099347 2.752655 0
1.081080 0.713975 0
1.864905 1.786594 0
1.127767 2.471059 0
2.012051 2.056242 0
1.382316 2.632259 0
2.665420 2.357839 0
2.682093 2.068586 0
2.141765 1.962953 0
2.157722 2.982808 0
2.195700 1.772507 0
7.670052 2.549745 1
5.975355 3.531000 1
6.722154 2.120353 1
8.648444 2.342511 1
8.725781 2.912352 1
8.264023 2.099153 1
9.574673 3.030606 1
7.779195 3.743268 1
8.824921 4.372861 1
7.761429 2.286744 1
8.907910 1.898562 1
6.015212 3.643168 1
9.315047 3.404611 1
7.172402 2.408459 1
6.588621 3.589076 1
9.774510 0.676287 1
7.657242 3.025659 1
7.642084 2.952509 1
8.369196 3.699476 1
7.091652 2.865244 1
8.517802 2.465964 1
7.031007 3.258613 1
6.806224 2.692372 1
9.573282 1.842142 1
7.536945 3.713455 1
6.728127 2.040872 1
8.606371 2.834027 1
7.585433 3.402773 1
7.411807 4.205818 1
8.642927 2.952094 1
8.533754 4.498456 1
7.271323 2.839679 1
7.916486 3.254234 1
7.625306 2.662961 1
7.543241 2.626338 1
7.821499 2.942194 1
8.849077 3.784863 1
8.841895 3.815699 1
7.508139 2.863032 1
6.969198 4.767316 1
8.408789 2.755229 1
7.052622 2.121051 1
9.881809 1.740176 1
8.777550 2.261489 1
8.958338 2.451637 1
8.610472 2.555176 1
7.882970 4.032716 1
7.124977 4.811623 1
7.068905 3.825175 1
8.194104 3.603058 1
9.664388 2.479267 1
8.467453 3.799299 1
7.042314 3.594400 1
8.747837 2.238839 1
8.836996 4.432626 1
6.088181 2.506959 1
8.865735 5.146371 1
8.368917 2.315534 1
6.997058 2.744794 1
7.068298 4.866460 1
8.591287 2.649921 1
9.263254 2.884112 1
6.420838 3.211982 1
7.828697 2.422521 1
8.089955 5.121089 1
7.408664 3.031176 1
9.411616 3.292226 1
7.923696 1.542066 1
8.310482 4.204745 1
10.004336 2.444861 1
6.385194 2.854904 1
8.344006 3.726726 1
9.226432 4.938034 1
9.572962 4.144627 1
9.248641 2.005499 1
7.509489 3.909310 1
8.946508 3.719152 1
8.309398 3.740601 1
8.571196 1.588255 1
7.869035 3.008563 1
7.868930 2.397336 1
7.322363 2.457270 1
8.533143 1.550563 1
6.770609 3.752235 1
8.174115 2.133378 1
9.736976 2.251884 1
6.827749 2.804647 1
7.562136 3.184643 1
8.305760 5.303150 1
9.451905 1.988747 1
6.070487 3.175509 1
7.805894 4.062890 1
6.478200 2.140384 1
9.367211 3.037178 1
5.141763 1.490828 1
7.883979 3.421112 1
8.579344 3.469864 1
8.007743 2.340712 1
9.083803 4.189692 1
7.601989 2.925306 1
6.635349 3.158126 1
7.682882 3.428796 1
8.124683 1.345288 1
7.564897 2.533148 1
8.698761 0.394178 1
8.373272 3.119827 1
6.517375 1.693194 1
7.282671 1.522785 1
6.911152 3.481706 1
7.738124 4.099907 1
8.090101 5.018780 1
8.641520 4.287063 1
7.934955 4.829812 1
8.324054 1.608132 1
8.605930 4.249340 1
9.093439 2.151905 1
11.090785 2.834876 1
8.098432 2.616260 1
7.543836 2.959948 1
8.783482 4.101920 1
10.404815 2.800382 1
5.846435 2.470063 1
8.726643 4.080904 1
8.165771 2.480816 1
7.414639 4.092969 1
9.523841 4.341909 1
8.880210 3.370835 1
10.015978 4.715314 1
8.179903 2.307629 1
7.424034 3.623345 1
9.408559 2.250287 1
7.737747 2.735620 1
8.391720 2.060326 1
8.263078 2.577470 1
9.153162 3.552747 1
7.266854 3.212947 1
9.125633 3.893295 1
7.745216 4.700204 1
6.974764 3.522773 1
8.041382 2.120023 1
8.833535 1.057696 1
8.309781 4.033471 1
8.071881 1.604079 1
7.733311 1.529965 1
6.389111 2.359892 1
9.858904 4.001387 1
6.896956 4.329244 1
7.670653 2.496850 1
9.118612 3.690097 1
8.777920 4.078556 1
10.248508 3.000438 1
8.207601 2.106136 1
7.596297 2.563145 1
7.149613 4.020160 1
9.397655 3.274428 1
8.675128 4.177205 1
9.211879 3.170568 1
6.929953 4.228813 1
9.071383 4.655241 1
7.635667 2.159679 1
7.571210 1.574252 1
10.053689 2.212010 1
6.883503 2.208199 1
7.607007 3.050588 1
8.029994 2.759553 1
9.586433 3.207581 1
8.944905 3.679567 1
6.306797 2.445602 1
8.927117 3.370367 1
7.564411 1.631336 1
8.544671 3.440172 1
7.218210 3.903866 1
8.868093 3.680025 1
8.739615 4.969747 1
8.364407 1.463023 1
7.220811 2.571892 1
6.272226 3.305541 1
9.197896 3.854348 1
8.072763 4.614701 1
7.751823 3.575706 1
7.083597 3.427721 1
9.159650 3.158009 1
7.298093 3.032918 1
7.383906 1.125614 1
9.781032 2.265898 1
7.371500 2.076443 1
9.062958 4.272060 1
7.397819 2.879917 1
7.989039 1.795379 1
7.744440 2.266817 1
7.774337 0.599199 1
8.540051 4.555116 1
8.648013 1.591507 1
6.707829 4.293956 1
8.692245 5.386962 1
6.547530 3.127001 1
9.583747 1.825192 1
8.045407 4.426696 1
8.969664 2.868737 1
7.444495 2.895837 1
9.759013 1.633492 1
7.159384 3.144423 1
9.667018 4.496272 1
7.917216 3.139338 1
8.006249 2.669623 1
6.453714 3.894718 1
8.322793 0.610931 1
6.710879 2.855910 1
8.969410 1.814856 1
6.832418 3.034401 1
7.996122 3.696852 1
8.310348 3.038399 1
8.090552 5.319706 1
7.057864 3.361390 1
8.935082 1.194753 1
9.576422 2.131401 1
8.816684 2.826570 1
9.486357 2.711630 1
9.012413 2.988467 1
8.152647 2.679334 1
7.063814 3.096507 1
8.920871 2.509962 1
8.665909 4.006344 1
8.187813 2.549795 1
8.317522 2.835341 1
9.399319 3.048046 1
7.754335 2.839602 1
6.788053 2.584609 1
10.039873 2.624412 1
8.741884 3.306684 1
7.342672 2.475503 1
7.878297 1.543778 1
7.944969 4.409886 1
8.488485 3.494297 1
7.310603 2.776630 1
8.051709 2.966197 1
6.578611 3.581332 1
7.660868 1.975949 1
8.333202 4.169018 1
8.096593 2.621064 1
8.037570 2.077734 1
6.873417 3.762132 1
5.435171 3.441226 1
6.752282 2.527290 1
9.030974 2.871939 1
6.989399 4.755103 1
8.429776 2.641133 1
9.440137 2.862704 1
7.035797 2.778794 1
8.024489 4.609351 1
8.111716 2.465403 1
7.694726 2.149297 1
8.556087 2.001475 1
8.210017 2.918189 1
8.517949 5.354378 1
6.657028 3.963299 1
6.862198 2.794658 1
7.348699 2.632476 1
9.494689 3.269142 1
9.418881 1.692519 1
9.356621 1.624983 1
6.660878 4.246820 1
6.980672 3.186187 1
6.978859 3.548293 1
5.919512 2.311110 1
5.930592 3.805346 1
8.393619 2.289524 1
9.307331 2.148857 1
8.323085 3.551676 1
6.650543 2.727986 1
8.214949 2.882073 1
8.561028 1.914758 1
8.851466 3.462239 1
8.214785 2.420487 1
9.031343 3.124377 1
8.463697 3.275516 1
6.000919 2.282069 1
8.810395 3.343400 1
8.524341 3.966139 1
9.268082 1.832862 1
8.236661 1.308633 1
7.571557 2.352757 1
7.782554 3.463187 1
8.060910 2.278241 1
6.736426 2.848733 1
8.057866 3.528768 1
6.938437 3.743959 1
8.127335 2.353037 1
8.010330 1.511042 1
8.544901 1.610302 1
9.306420 2.980427 1
7.196629 3.684723 1
9.048459 3.035832 1
9.415425 2.457807 1
7.792725 3.061740 1
8.901916 2.797809 1
6.807408 2.571492 1
6.572386 3.757633 1
8.360034 2.138014 1
7.753605 1.680847 1
7.745689 3.564787 1
8.456169 2.951447 1
7.896720 3.655469 1
8.978827 2.581245 1
9.620315 3.972058 1
6.828539 2.711517 1
9.014064 3.047907 1
5.637111 2.243496 1
7.716516 3.947261 1
7.035401 2.802877 1
7.777043 3.514074 1
7.871487 3.550092 1
6.549714 1.791559 1
7.339456 5.740197 1
8.798283 2.724163 1
7.222916 2.103672 1
7.238384 2.714258 1
9.096072 5.232325 1
6.842674 2.863945 1
7.977733 2.885118 1
8.215947 1.697645 1
8.074755 3.831547 1
10.387312 3.256586 1
7.888380 2.927742 1
8.460305 2.995758 1
8.917825 3.139158 1
7.248121 3.537062 1
6.941578 3.957721 1
8.545998 2.335063 1
5.525682 4.120114 1
7.772492 5.223207 1
7.950216 2.279374 1
9.620488 4.052126 1
7.652215 1.625369 1
7.582546 3.349365 1
9.343147 4.291992 1
10.063282 1.243966 1
8.248571 4.002185 1
7.345079 2.690019 1
7.510748 2.687291 1
6.978763 3.923514 1
10.178514 1.747990 1
8.422356 3.444240 1
9.093542 3.099549 1
8.682930 3.072313 1
8.920463 3.693528 1
9.142733 3.088499 1
7.527228 3.189655 1
7.777803 3.915509 1
9.115046 1.922529 1
6.307334 1.864000 1
10.898739 2.878070 1
8.840159 0.988169 1
9.215870 2.746706 1
8.540513 2.724626 1
7.787940 2.064752 1
9.571591 2.562667 1
9.722761 3.116342 1
9.491311 3.563019 1
8.619161 1.929063 1
9.104604 2.195182 1
9.245255 2.454739 1
6.369692 1.224546 1
6.106916 3.013162 1
8.515317 4.036084 1
8.354544 2.518745 1
8.621418 3.315977 1
7.959072 2.518294 1
6.920881 2.885647 1
8.910958 3.817761 1
8.944899 3.533311 1
8.517184 2.846706 1
9.358576 1.847989 1
7.822079 4.128919 1
6.699997 2.331285 1
8.251154 3.560349 1
6.764777 3.214067 1
7.871448 3.099235 1
6.754331 4.127983 1
8.307596 2.399475 1
8.035931 4.071064 1
8.260705 1.891174 1
8.190317 2.751549 1
9.930206 2.882775 1
9.774510 3.203906 1
7.431210 2.895077 1
7.953321 2.310381 1
7.982885 3.404988 1
7.701628 2.857423 1
9.643848 3.064397 1
5.667631 3.054208 1
8.990602 2.323028 1
7.320313 2.130742 1
8.404317 3.660775 1
8.168343 2.522627 1
8.512709 3.697651 1
6.806775 2.624195 1
8.027198 3.721561 1
9.251347 2.575166 1
8.586205 1.200808 1
8.807892 1.831308 1
8.799859 2.933169 1
5.833733 3.490837 1
8.651201 1.731349 1
9.486065 3.841061 1
9.008800 3.185857 1
6.655406 3.413819 1
7.557298 1.812896 1
7.406426 0.486001 1
7.392198 2.041249 1
7.356718 1.690291 1
7.007104 2.337277 1
9.423157 2.731475 1
8.487825 3.060987 1
7.160816 3.829624 1
8.593661 4.992421 1
8.728807 2.720872 1
7.533210 4.914770 1
7.776325 3.422890 1
7.701255 3.577869 1
8.275506 3.337051 1
8.540419 3.597901 1
9.404896 5.401641 1
9.251666 3.336042 1
7.235909 4.485698 1
10.126514 3.616253 1
7.656825 2.822370 1
6.697750 3.935085 1
8.465765 2.583329 1
8.385846 2.252174 1
6.439523 2.185508 1
7.833274 2.595177 1
8.260730 2.622725 1
9.493610 3.238833 1
7.454237 1.773215 1
8.560003 2.095494 1
7.901479 2.240987 1
7.566938 3.826701 1
9.961754 1.468860 1
6.917295 2.483934 1
8.215883 4.591395 1
8.640933 3.099529 1
9.460072 2.446886 1
8.559956 4.266413 1
7.447035 2.260318 1
8.969537 4.810350 1
8.171535 3.611388 1
8.705043 1.715787 1
7.247742 3.273135 1
8.950050 2.891276 1
7.228082 4.223188 1
7.523200 3.761327 1
6.910892 3.683096 1
8.335174 4.013681 1
8.991849 1.972152 1
6.471178 2.650716 1
7.725540 2.779446 1
6.383928 3.330343 1
8.157432 2.612331 1
9.252904 5.937734 1
6.777363 2.469211 1
9.014825 2.721236 1
7.932186 1.895774 1
6.937884 3.946828 1
6.954246 3.463466 1
10.492379 3.755132 1
9.405511 4.291350 1
8.496484 1.919988 1
6.606077 2.333025 1
7.221702 4.172655 1
7.483738 2.067173 1
7.728624 3.267964 1
7.739172 1.830536 1
8.386638 4.482137 1
5.973812 2.970910 1
6.925000 2.073872 1
7.239668 3.750576 1
7.066437 2.090718 1
8.372417 4.307606 1
9.039267 3.938291 1
8.001471 3.747057 1
8.385780 2.616809 1
7.799365 0.686343 1
6.326865 6.079939 1
8.031857 2.563627 1
5.908263 1.463155 1
7.519837 2.559140 1
7.419395 3.958096 1
9.048019 0.825301 1
7.401720 4.578604 1
7.139554 2.105706 1
8.329776 4.229889 1
7.006638 2.701566 1
8.082824 4.402243 1
7.072191 2.579114 1
7.187162 5.219874 1
9.158106 2.682614 1
9.131208 3.277156 1
8.704273 3.750984 1
8.161744 1.035387 1
2.403480 5.074790 2
2.616998 6.885248 2
3.755383 5.786002 2
2.614115 6.178947 2
3.303672 6.930051 2
2.932014 6.943925 2
0.968385 5.689889 2
0.717236 6.492592 2
3.290199 5.201301 2
2.099201 7.289644 2
4.559005 7.089873 2
2.648415 6.176009 2
2.038171 5.047613 2
3.928174 5.559407 2
1.876348 5.212140 2
3.647045 5.033522 2
2.842038 7.868361 2
1.835139 5.011676 2
3.841162 5.967464 2
2.096295 7.209041 2
2.144213 5.590256 2
4.599951 6.725658 2
3.830266 5.071688 2
3.773814 7.236891 2
4.157572 6.950598 2
4.631133 7.526446 2
2.103120 7.447721 2
3.129668 7.905609 2
3.037713 5.423124 2
2.484306 6.010668 2
4.803216 5.400811 2
2.448968 6.024843 2
2.087586 5.561532 2
3.809796 7.915331 2
0.933285 6.702077 2
3.704307 6.408283 2
2.080008 5.736799 2
3.356220 6.702975 2
4.402881 4.969453 2
2.536049 6.773256 2
2.134834 6.243917 2
2.893154 3.929750 2
3.522012 7.210436 2
2.274795 6.331555 2
4.131640 9.814101 2
5.530871 5.924949 2
3.696077 5.174834 2
0.237581 5.670837 2
3.156842 6.928167 2
1.324653 6.408414 2
4.366053 5.988542 2
2.795022 6.025874 2
2.355175 5.455020 2
4.646743 6.998612 2
3.693259 5.493447 2
2.123543 5.732151 2
2.499113 5.636125 2
3.993032 5.955574 2
2.445416 5.835939 2
3.142335 6.548270 2
2.481980 6.128768 2
3.218292 4.849764 2
2.899609 6.781199 2
4.268236 7.382427 2
2.055713 5.150140 2
1.542532 6.636655 2
2.733990 5.905631 2
4.742261 6.880777 2
3.177584 3.430985 2
2.235490 5.881338 2
3.396501 6.058528 2
3.409039 5.274113 2
1.834103 8.295912 2
1.921104 5.780925 2
4.233917 7.019854 2
1.500772 7.008743 2
3.196682 5.409241 2
4.318178 6.590753 2
2.843861 4.967973 2
3.029952 5.566644 2
2.772553 7.721421 2
3.168888 7.668438 2
3.391752 4.395541 2
3.473857 5.566068 2
4.798590 7.071570 2
2.473102 8.149170 2
1.266573 5.106193 2
3.125831 5.690742 2
4.043192 5.855904 2
3.449462 6.933609 2
3.189228 4.798785 2
3.361988 5.391243 2
3.908833 6.023667 2
1.882348 5.156949 2
2.751795 6.864255 2
4.024000 5.011956 2
4.013634 4.776103 2
4.454626 6.303038 2
2.866848 4.639561 2
3.162923 7.137919 2
1.338616 6.107482 2
3.128806 6.637114 2
4.521608 5.567692 2
2.326276 5.675306 2
3.070101 5.168807 2
2.950527 7.120568 2
3.054715 6.621512 2
3.125894 6.344922 2
2.720067 5.842091 2
3.519587 5.592516 2
4.590155 5.623104 2
3.251988 6.680710 2
2.973207 6.006226 2
2.019483 4.689067 2
2.591479 5.962285 2
2.979424 6.914337 2
2.008802 7.006313 2
3.094524 5.979054 2
3.492933 5.585665 2
4.287363 6.769700 2
2.413099 8.828685 2
4.554237 5.414996 2
1.723581 6.449385 2
2.411400 4.686958 2
3.670443 7.197846 2
3.606678 6.482798 2
2.294519 4.957955 2
2.926188 4.537140 2
3.600449 5.083795 2
2.112998 4.512157 2
2.829296 7.322421 2
3.646051 6.386801 2
3.184648 7.888964 2
3.296540 4.474533 2
4.492395 6.826802 2
2.740916 5.324957 2
2.801806 5.909087 2
2.940712 5.241472 2
2.248121 5.737427 2
3.297863 6.286449 2
3.660659 6.629802 2
4.068522 5.388443 2
5.066872 5.693322 2
3.828170 6.521037 2
2.356194 6.959662 2
3.481878 4.731981 2
1.846258 6.131006 2
1.427010 6.450679 2
3.854518 3.715961 2
2.522791 6.500825 2
2.442802 7.206446 2
1.475673 7.405389 2
2.733834 5.550057 2
2.112343 5.600630 2
4.684603 4.072315 2
3.801170 3.506018 2
2.556914 5.154183 2
3.241012 5.448886 2
2.461713 5.397180 2
2.895499 7.067719 2
1.451585 4.872100 2
1.960976 5.836891 2
1.473128 4.195229 2
4.025782 4.473223 2
2.993567 5.315028 2
4.853911 5.936286 2
1.376262 5.050072 2
3.075648 4.672908 2
3.029433 5.476518 2
0.238259 4.946386 2
2.696463 6.581725 2
4.264795 6.390925 2
3.692330 4.314472 2
2.674849 7.044744 2
4.061619 7.549867 2
1.862985 5.928616 2
5.080136 6.490481 2
3.859742 8.105241 2
4.246828 6.201815 2
2.903149 6.004603 2
2.543494 4.195744 2
3.431911 4.055170 2
3.402476 7.495679 2
2.040827 4.819065 2
2.559052 7.099766 2
2.448193 5.314731 2
3.913946 6.003134 2
2.641262 5.627194 2
3.761552 6.042605 2
2.454317 7.140320 2
0.962816 5.719275 2
3.977573 5.626980 2
2.237372 7.518901 2
3.015528 6.323985 2
2.670969 6.309782 2
4.388099 6.696418 2
3.743432 6.511434 2
2.468209 5.690402 2
3.310946 6.905212 2
3.741532 4.683266 2
4.642425 6.890259 2
2.379384 5.908968 2
3.074808 5.778351 2
4.430158 6.244742 2
3.635490 4.644803 2
2.656915 7.106216 2
4.833821 4.767334 2
3.740156 5.073661 2
1.870275 6.741722 2
3.688724 4.773840 2
3.364512 5.435979 2
1.489789 5.517025 2
2.607367 4.067123 2
3.433546 7.124963 2
1.608076 6.140151 2
3.394170 6.611066 2
1.904630 6.191205 2
2.555493 7.194838 2
5.256199 6.479301 2
3.713748 6.990628 2
2.589554 7.262355 2
3.161953 6.293797 2
1.462054 6.206727 2
2.559342 5.422028 2
2.726734 5.023867 2
3.735140 6.353236 2
3.469662 5.846184 2
4.149001 4.347082 2
2.978473 3.749595 2
1.606651 6.579945 2
3.008263 5.633465 2
2.706952 5.714883 2
3.248212 6.969384 2
3.652942 7.096535 2
2.022905 5.509349 2
4.180836 5.944695 2
3.619369 6.724303 2
2.176844 7.925857 2
4.038388 6.308220 2
2.827151 6.837471 2
2.942925 7.421499 2
4.482885 5.732040 2
1.832397 5.650198 2
2.981019 4.030755 2
3.089075 5.674086 2
3.693043 4.884926 2
3.523251 3.954336 2
0.704650 6.766827 2
4.760520 5.317229 2
1.658576 5.941368 2
2.027799 5.306711 2
4.599767 6.247070 2
4.402718 5.842921 2
4.027753 6.530238 2
4.694501 5.387971 2
3.283795 5.383506 2
2.608055 7.301017 2
2.680006 5.600566 2
1.000773 5.706594 2
3.548628 4.667713 2
3.071980 6.649069 2
2.590445 6.204528 2
3.901402 5.742431 2
3.184872 7.220052 2
3.010476 7.222152 2
2.519033 6.572975 2
2.920524 5.143710 2
4.706842 8.038124 2
3.126902 5.133761 2
2.834063 4.859661 2
3.556441 7.115051 2
0.281665 5.386861 2
1.709932 4.841774 2
0.544803 5.454289 2
2.672760 7.801781 2
2.307806 4.562713 2
1.183015 6.028898 2
1.155493 5.856474 2
3.345998 7.201580 2
3.616368 6.596636 2
2.705778 5.969436 2
2.691481 4.536222 2
3.898131 6.057272 2
2.147757 5.083594 2
2.224940 6.720843 2
4.165220 4.926325 2
2.310393 6.995844 2
4.327871 4.412154 2
3.274050 4.743281 2
3.442249 5.941503 2
1.823205 5.842761 2
3.967275 7.967044 2
2.387422 5.590720 2
4.472701 9.456847 2
3.767428 4.605630 2
3.170771 5.345651 2
3.677713 6.354196 2
4.061859 7.690733 2
2.345943 6.298628 2
2.865253 6.584428 2
2.307323 7.511632 2
3.339953 6.219123 2
3.814141 4.493120 2
3.614094 5.008857 2
3.290752 5.626515 2
2.468839 5.750277 2
3.322774 6.801577 2
2.627858 7.573002 2
4.363835 4.951722 2
3.310848 5.673010 2
1.975857 5.678864 2
3.205586 6.291435 2
4.923317 5.054662 2
2.978017 4.727210 2
1.509054 6.496812 2
1.048931 4.511927 2
2.457185 5.679378 2
3.502561 8.163562 2
4.670842 6.731058 2
3.522768 3.785277 2
3.898940 4.894435 2
3.017394 4.941799 2
2.313794 5.803178 2
5.078345 7.016383 2
3.145861 6.892558 2
2.695385 6.591009 2
3.916859 5.900243 2
2.534034 6.570461 2
2.501271 6.631109 2
2.212138 5.587063 2
2.743651 5.196382 2
3.472932 8.184192 2
3.463880 4.244862 2
4.380131 7.370760 2
2.385634 6.479394 2
3.174551 7.073867 2
1.992985 4.605769 2
3.639195 5.082479 2
4.213543 4.010633 2
1.627706 4.749959 2
4.215225 6.271305 2
3.187478 6.948851 2
3.418684 6.625839 2
4.615153 7.221653 2
4.700295 6.866472 2
3.896895 6.466848 2
1.603660 5.981811 2
2.474430 5.855107 2
3.553170 5.767145 2
4.209244 4.973782 2
2.095418 4.682676 2
3.410548 7.513278 2
3.934622 4.639726 2
2.485585 5.884260 2
3.321010 5.785736 2
2.445143 5.391954 2
4.356234 6.056043 2
4.230841 6.873069 2
2.504962 6.845405 2
2.848500 7.662383 2
2.820745 7.496103 2
4.046458 5.829208 2
2.503262 4.816856 2
3.005402 4.641839 2
2.240250 5.435722 2
3.046841 5.760026 2
1.579684 5.424052 2
4.819266 3.648472 2
2.668977 5.855057 2
1.157452 7.506738 2
2.319583 5.235802 2
3.030753 7.496239 2
3.747150 5.829941 2
3.425262 6.040308 2
3.185432 5.738334 2
4.393055 4.766005 2
3.829257 5.719697 2
3.463619 4.343574 2
5.822038 5.596712 2
2.491706 7.151498 2
1.296001 5.814215 2
2.410936 5.319560 2
4.203453 5.751020 2
3.127014 3.041177 2
2.630277 4.413445 2
2.336484 3.401237 2
4.153949 6.592765 2
2.295473 6.973871 2
3.740408 6.546496 2
2.906434 6.175844 2
4.057082 5.593185 2
3.489926 3.681791 2
1.963964 5.700239 2
3.684870 5.537156 2
1.834526 5.668851 2
3.293487 3.591634 2
2.074177 5.715282 2
2.934703 6.598567 2
3.273723 4.392274 2
2.740979 6.077865 2
3.211488 6.790626 2
2.229452 6.052833 2
3.123277 6.272123 2
3.466757 6.630339 2
1.229135 6.636303 2
1.706855 6.245490 2
4.075229 7.507223 2
2.974243 7.835220 2
3.033475 7.087313 2
2.025149 7.343648 2
2.859615 7.977073 2
2.677477 5.468972 2
3.238733 6.197556 2
4.231716 5.580321 2
1.675104 5.376216 2
2.372216 5.436099 2
3.233167 5.872492 2
1.640620 4.226624 2
1.767326 4.930615 2
2.085557 4.229743 2
1.672651 5.317141 2
3.730593 4.884539 2
2.658398 4.782807 2
3.715314 5.830860 2
3.019929 6.729585 2
3.191483 6.410410 2
1.587429 3.733011 2
2.983264 5.051586 2
3.693699 5.660543 2
4.263639 4.613289 2
2.417769 5.244222 2
2.873771 5.453546 2
1.225876 7.493449 2
1.617079 6.586672 2
3.353242 5.335851 2
1.927126 5.408162 2
2.718587 5.985018 2
2.438650 5.329931 2
2.964107 4.482269 2
0.248703 4.740192 2
3.160249 6.270932 2
3.700325 5.048593 2
3.873042 5.456351 2
3.924550 5.608837 2
3.442218 6.678850 2
3.487937 7.104506 2
1.038877 4.268894 2
3.588836 5.883549 2
3.358694 7.254765 2
2.770476 5.594882 2
3.956685 6.360906 2
3.132889 7.186489 2
4.625691 6.119806 2
1.285466 5.308280 2
2.037116 7.797358 2
1.991363 5.440371 2
1.803386 4.954679 2
3.492462 5.831682 2
3.795061 5.512268 2
2.784751 6.215421 2
1.756044 5.487321 2
3.354649 4.987313 2
3.110366 7.668291 2
3.689136 4.798503 2
3.702081 4.829747 2
2.671702 6.411727 2
3.032069 6.086214 2
3.252505 7.207831 2
1.584341 4.799743 2
3.910527 6.724593 2
2.599722 5.177174 2
4.925762 5.694026 2
2.567274 4.685830 2
3.765544 7.485208 2
3.222755 6.884241 2
2.193643 5.920666 2
3.225828 4.289742 2
2.742517 4.564560 2
2.145806 6.246156 2
3.706637 7.118861 2
0.680575 6.905319 2
3.501337 5.500421 2
2.916634 4.316527 2
2.891280 6.686796 2
2.900406 6.787633 2
2.544733 6.696737 2
2.105805 6.328235 2
2.959868 5.218356 2
3.693335 5.510916 2
2.006786 8.236712 2
2.088174 5.388974 2
4.911286 6.392834 2
2.733204 7.111242 2
4.051318 5.712409 2
2.696840 4.795152 2
3.128597 2.398121 2
4.795876 6.398343 2
2.605662 6.467711 2
4.677637 5.554632 2
3.628016 6.630565 2
